Intervals: length	50
0,	501,	601
1,	295,	359
2,	7,	68
3,	734,	750
4,	22,	46
5,	419,	439
6,	543,	626
7,	722,	770
8,	86,	116
9,	822,	921
10,	148,	176
11,	94,	165
12,	957,	1044
13,	352,	361
14,	860,	919
15,	733,	749
16,	322,	343
17,	884,	984
18,	389,	423
19,	599,	667
20,	338,	346
21,	876,	905
22,	79,	162
23,	78,	138
24,	349,	359
25,	970,	1025
26,	240,	314
27,	549,	610
28,	855,	950
29,	147,	241
30,	465,	492
31,	993,	1054
32,	575,	625
33,	881,	931
34,	759,	856
35,	76,	156
36,	80,	128
37,	712,	751
38,	951,	1004
39,	144,	157
40,	998,	1094
41,	855,	942
42,	954,	987
43,	437,	522
44,	588,	645
45,	529,	622
46,	459,	471
47,	712,	743
48,	39,	114
49,	935,	963
Result: gap	11.5
0, 	601.0
1, 	315.0
2, 	64.5
3, 	750.0
4, 	22.0
5, 	439.0
6, 	626.0
7, 	770.0
8, 	116.0
9, 	869.5
10, 	176.0
11, 	164.5
12, 	1044.0
13, 	361.0
14, 	919.0
15, 	738.5
16, 	326.5
17, 	984.0
18, 	389.0
19, 	614.5
20, 	338.0
21, 	905.0
22, 	139.0
23, 	87.5
24, 	349.5
25, 	1009.5
26, 	240.0
27, 	549.0
28, 	893.5
29, 	187.5
30, 	492.0
31, 	1021.0
32, 	576.5
33, 	881.0
34, 	781.5
35, 	76.0
36, 	127.5
37, 	712.0
38, 	965.5
39, 	150.5
40, 	998.0
41, 	855.0
42, 	954.0
43, 	450.5
44, 	588.0
45, 	560.5
46, 	462.0
47, 	723.5
48, 	39.0
49, 	935.0
